00000000010000000000010100010011
00000000000000000000001010010011
00000000000100000000001100010011
11111111110000010000000100010011
00000000011000101000001010110011
00000000000100110000001100010011
00000000101000110010001110110011
11111110000000111001101011100011
00000001000000000000000011101111
11111111110000010000000100010011
00000000010100010010000000100011
00000010000000000000000001100011
00000000010100101000001010110011
00000000000000001000000001100111
11111111110000010000000100010011
00000000000000010010000000100011
00000000000000010010001110000011
00000000000000111000111000110011
00000000000011100001100001100011
11111111110000010000000100010011
00000000010100010010000000100011
00000000000000000000000001100011
00000000000100000000111010010011
11111110000000000000100011100011
00000001010000000000001010010011
00000000101100000000001100010011
00000000000100000000001110010011
00000000000100000000111000010011
00000000011000101001010001100011
00000000000000000000000001100011
01000000011100101000001010110011
00000000000111100000111000010011
11111110011000101001110011100011
00000000000000000000000001100011
00000000010100000000010010010011
00000000000000000000100100010011
00000000000100000000100110010011
00010000000000000000101000010011
00000001001110010000100100110011
00000000000110011000100110010011
11111110100110011001110011100011
00000001001010100010000000100011
00000000000010100010010100000011
11111111100000010000000100010011
00000001001000010010001000100011
00000000010000000000000011101111
00000000010000010010001010000011
00000000010100000010001100110011
00000000000000110000001001100011
00000000100000010000000100010011
00000000000000001000000001100111
00000000000000000000000001100011
00010111110000000000000100010011
00000000000100000000010000010011
00000000100001000101010000110011
00000000000101000000010000010011
00000001000000000000111110010011
00000000000000000000111100010011
00000000100001000000010000110011
00000000000111110000111100010011
11111111111111110001110011100011
00000000011100000000010010010011
00000000000100000000100100010011
00000000000100000000100110010011
00000000001000000000101000010011
00000000000000000000001010010011
00000001001001000010000000100011
00000000010000101000001010010011
00000001001101000010000000100011
00000000010000101000001010010011
00000010100110100000001001100011
00000001001110010000001100110011
00000000010101000000001110110011
00000000011000111010000000100011
00000000010000101000001010010011
00000000000010011000100100110011
00000000000000110000100110110011
00000000000110100000101000010011
11111110000000000000000011100011
00000000000000000000000001100011